SkyBox=Sky/EarlyMorning
CameraPosition=-10.7274 139.176 4021.6
CameraOrientation=-0.000732208 -9.44156e-005 -0.999096 0.0374488
